1 9 2015 tim 2.4 7.5 8.3
2 9 2015 tommy 3.6 5.3 7.2
3 9 2015 john 3.8 3.5 9.8
4 9 2015 mickey 3.9 6.4 8.4
5 9 2015 tommy 7.3 3.7 7.3
6 9 2015 john 3.8 3.2 6.9
7 9 2015 tommy 4.3 4.5 9.3
8 9 2015 mickey 3.7 11.2 10.6
9 9 2015 tommy 3.2 8.3 14.2
10 9 2015 tommy 3.4 3.1 10.4
11 9 2015 tim 3.4 10.9 9.7
12 9 2015 tommy 3.4 2.5 6.9
13 9 2015 tommy 2.2 12.2 7.2
14 9 2015 mickey 2.7 1.1 5.8
15 9 2015 tommy 3.4 10.5 10.3
16 9 2015 john 2.4 9.5 9.7
17 9 2015 tim 3.2 10.9 8.6
18 9 2015 tommy 1.9 4.6 10.2
19 9 2015 tommy 3.4 9.3 11.0
20 9 2015 mickey 4.6 15.1 10.6
21 9 2015 tommy 4.2 3.4 9.4
22 9 2015 john 6.8 12.1 8.8
23 9 2015 tommy 3.7 11.3 7.4
24 9 2015 tim 1.6 4.5 9.2
25 9 2015 tommy 2.5 9.8 9.8
26 9 2015 tommy 3.6 4.5 10.5
27 9 2015 tim 2.3 11.2 10.7
28 9 2015 tommy 9.4 2.7 9.8
29 9 2015 mickey 5.6 10.4 9.5
30 9 2015 john 3.4 4.6 10.3